elize
60
e 3 1 16
D 3 1 16
e 3 1 16
D 3 1 16
e 3 1 16
b 3 1 16
d 3 1 16
c 3 1 16
a 3 1 8
s 1 16
c 2 1 16
e 2 1 16
a 3 1 16
b 3 1 8
s 1 16
e 2 1 16
G 2 1 16
b 3 1 16
c 3 1 8
s 1 16
e 2 1 16
e 3 1 16
D 3 1 16
e 3 1 16
D 3 1 16
e 3 1 16
b 3 1 16
d 3 1 16
c 3 1 16
a 3 1 8
s 1 16
c 2 1 16
e 2 1 16
a 3 1 16
b 3 1 8
s 1 16
e 2 1 16
c 3 1 16
b 3 1 16
a 3 1 4

e 3 1 16
D 3 1 16
e 3 1 16
D 3 1 16
e 3 1 16
b 3 1 16
d 3 1 16
c 3 1 16
a 3 1 8
s 1 16
c 2 1 16
e 2 1 16
a 3 1 16
b 3 1 8
s 1 16
e 2 1 16
G 2 1 16
b 3 1 16
c 3 1 8
s 1 16
e 2 1 16
e 3 1 16
D 3 1 16
e 3 1 16
D 3 1 16
e 3 1 16
b 3 1 16
d 3 1 16
c 3 1 16
a 3 1 8
s 1 16
c 2 1 16
e 2 1 16
a 3 1 16
b 3 1 8
s 1 16
e 2 1 16
c 3 1 16
b 3 1 16
a 3 1 8
s 1 16

b 3 1 16
c 3 1 16
d 3 1 16
e 3 3 16
g 2 1 16
f 3 1 16
e 3 1 16
d 3 3 16
f 2 1 16
e 3 1 16
d 3 1 16
c 3 3 16
e 2 1 16
d 3 1 16
c 3 1 16
b 3 1 8

s 3 32
e 2 1 32
e 3 1 16
s 5 32
e 3 1 32
e 4 1 16
s 1 8

s 1 32
D 3 1 32
e 3 1 8
s 3 32
D 3 1 32

e 3 1 16
D 3 1 16
e 3 1 16
D 3 1 16
e 3 1 16
b 3 1 16
d 3 1 16
c 3 1 16
a 3 1 8
s 1 16
c 2 1 16
e 2 1 16
a 3 1 16
b 3 1 8
s 1 16
e 2 1 16
G 2 1 16
b 3 1 16
c 3 1 8
s 1 16
e 2 1 16
e 3 1 16
D 3 1 16
e 3 1 16
D 3 1 16
e 3 1 16
b 3 1 16
d 3 1 16
c 3 1 16
a 3 1 8
s 1 16
c 2 1 16
e 2 1 16
a 3 1 16
b 3 1 8
s 1 16
e 2 1 16
c 3 1 16
b 3 1 16
a 3 1 4
