both
60
s 1 8
s 3 8
a 1 1 16
e 1 1 16
a 2 1 16
s 3 16
e 0 1 16
e 1 1 16
G 1 1 16
s 3 16
a 1 1 16
e 1 1 16
a 2 1 16
s 3 16

s 3 8
a 1 1 16
e 1 1 16
a 2 1 16
s 3 16
e 0 1 16
e 1 1 16
G 1 1 16
s 3 16
a 1 1 16
e 1 1 16
a 2 1 16
s 3 16

s 3 8
a 1 1 16
e 1 1 16
a 2 1 16
s 3 16
e 0 1 16
e 1 1 16
G 1 1 16
s 3 16
a 1 1 16
e 1 1 16
a 2 1 16
s 3 16

s 3 8
a 1 1 16
e 1 1 16
a 2 1 16
s 3 16
e 0 1 16
e 1 1 16
G 1 1 16
s 3 16
a 1 1 16
e 1 1 16
a 2 1 16
s 3 16

c 1 1 16
g 1 1 16
c 2 1 16
s 3 16
g 0 1 16
g 1 1 16
b 2 1 16
s 3 16
a 1 1 16
e 1 1 16
a 2 1 16
s 3 16
e 0 1 16
e 1 1 16
e 2 1 16
s 1 8



s 1 32
e 1 1 32
e 2 1 16
s 1 8

s 1 32
D 2 1 32
e 2 1 16
s 1 8


s 1 32
D 2 1 32
e 2 1 16
s 3 16


s 3 8
a 1 1 16
e 1 1 16
a 2 1 16
s 3 16
e 0 1 16
e 1 1 16
G 1 1 16
s 3 16
a 1 1 16
e 1 1 16
a 2 1 16
s 3 16

s 3 8
a 1 1 16
e 1 1 16
a 2 1 16
s 3 16
e 0 1 16
e 1 1 16
G 1 1 16
s 3 16
a 1 1 16
e 1 1 16
a 2 1 16
s 3 16
